`florida` <-
structure(list(County = structure(c(1L, 2L, 3L, 4L, 5L, 6L, 7L, 
8L, 9L, 10L, 11L, 12L, 13L, 14L, 15L, 16L, 17L, 18L, 19L, 20L, 
21L, 22L, 23L, 24L, 25L, 26L, 27L, 28L, 29L, 30L, 31L, 32L, 33L, 
34L, 35L, 36L, 37L, 38L, 39L, 40L, 41L, 42L, 43L, 44L, 45L, 46L, 
47L, 48L, 49L, 50L, 51L, 52L, 53L, 54L, 58L, 59L, 55L, 56L, 57L, 
60L, 61L, 62L, 63L, 64L, 65L, 66L, 67L), .Label = c("ALACHUA", 
"BAKER", "BAY", "BRADFORD", "BREVARD", "BROWARD", "CALHOUN", 
"CHARLOTTE", "CITRUS", "CLAY", "COLLIER", "COLUMBIA", "DADE", 
"DE SOTO", "DIXIE", "DUVAL", "ESCAMBIA", "FLAGLER", "FRANKLIN", 
"GADSDEN", "GILCHRIST", "GLADES", "GULF", "HAMILTON", "HARDEE", 
"HENDRY", "HERNANDO", "HIGHLANDS", "HILLSBOROUGH", "HOLMES", 
"INDIAN RIVER", "JACKSON", "JEFFERSON", "LAFAYETTE", "LAKE", 
"LEE", "LEON", "LEVY", "LIBERTY", "MADISON", "MANATEE", "MARION", 
"MARTIN", "MONROE", "NASSAU", "OKALOOSA", "OKEECHOBEE", "ORANGE", 
"OSCEOLA", "PALM BEACH", "PASCO", "PINELLAS", "POLK", "PUTNAM", 
"SANTA ROSA", "SARASOTA", "SEMINOLE", "ST. JOHNS", "ST. LUCIE", 
"SUMTER", "SUWANNEE", "TAYLOR", "UNION", "VOLUSIA", "WAKULLA", 
"WALTON", "WASHINGTON"), class = c("AsIs", "factor")), V2 = structure(c(38L, 
46L, 33L, 18L, 16L, 42L, 5L, 43L, 29L, 37L, 49L, 25L, 41L, 11L, 
3L, 22L, 2L, 23L, 46L, 13L, 1L, 5L, 9L, 46L, 4L, 19L, 37L, 24L, 
26L, 13L, 32L, 23L, 5L, 35L, 47L, 12L, 48L, 18L, 46L, 3L, 8L, 
49L, 31L, 31L, 18L, 34L, 17L, 20L, 44L, 39L, 6L, 28L, 14L, 36L, 
40L, 45L, 30L, 10L, 7L, 21L, 13L, 9L, 3L, 15L, 4L, 27L, 11L), .Label = c(" (100% of 10)", 
" (100% of 108)", " (100% of 11)", " (100% of 12)", " (100% of 13)", 
" (100% of 132)", " (100% of 133)", " (100% of 135)", " (100% of 14)", 
" (100% of 142)", " (100% of 15)", " (100% of 150)", " (100% of 16)", 
" (100% of 163)", " (100% of 172)", " (100% of 177)", " (100% of 18)", 
" (100% of 21)", " (100% of 22)", " (100% of 232)", " (100% of 24)", 
" (100% of 268)", " (100% of 27)", " (100% of 28)", " (100% of 31)", 
" (100% of 320)", " (100% of 33)", " (100% of 345)", " (100% of 35)", 
" (100% of 36)", " (100% of 40)", " (100% of 41)", " (100% of 47)", 
" (100% of 48)", " (100% of 5)", " (100% of 50)", " (100% of 51)", 
" (100% of 53)", " (100% of 531)", " (100% of 57)", " (100% of 614)", 
" (100% of 618)", " (100% of 63)", " (100% of 66)", " (100% of 78)", 
" (100% of 8)", " (100% of 86)", " (100% of 95)", " (100% of 96)"
), class = c("AsIs", "factor")), GORE = c(47300, 2392, 18850, 
3072, 97318, 386518, 2155, 29641, 25501, 14630, 29905, 7047, 
328702, 3322, 1825, 107680, 40958, 13891, 2042, 9565, 1910, 1420, 
2389, 1718, 2341, 3239, 32644, 14152, 166581, 2154, 19769, 6868, 
3038, 788, 36555, 73560, 61425, 5403, 1011, 3011, 49169, 44648, 
26619, 16483, 6952, 16924, 4588, 140115, 28177, 268945, 69550, 
199660, 74977, 12091, 19482, 41559, 12795, 72854, 58888, 9634, 
4084, 2647, 1399, 97063, 3835, 5637, 2796), BUSH = c(34062, 5610, 
38637, 5413, 115185, 177279, 2873, 35419, 29744, 41745, 60426, 
10964, 289456, 4256, 2698, 152082, 73029, 12608, 2448, 4750, 
3300, 1840, 3546, 2153, 3764, 4743, 30646, 20196, 176967, 4985, 
28627, 9138, 2481, 1669, 49963, 106141, 39053, 6860, 1316, 3038, 
57948, 55135, 33864, 16059, 16404, 52043, 5058, 134476, 26216, 
152846, 68581, 184312, 90101, 13439, 39497, 34705, 36248, 83100, 
75293, 12126, 8014, 4051, 2326, 82214, 4511, 12176, 4983), BUCHANAN = c(262, 
73, 248, 65, 570, 789, 90, 182, 270, 186, 122, 89, 561, 36, 29, 
650, 504, 83, 33, 39, 29, 9, 71, 24, 30, 22, 242, 99, 836, 76, 
105, 102, 29, 10, 289, 305, 282, 67, 39, 29, 272, 563, 108, 47, 
90, 267, 43, 446, 145, 3407, 570, 1010, 538, 147, 229, 124, 311, 
305, 194, 114, 108, 27, 26, 396, 46, 120, 88), NADER = c(3215, 
53, 828, 84, 4470, 7099, 39, 1461, 1378, 562, 1400, 258, 5355, 
157, 75, 2752, 1729, 435, 85, 139, 97, 56, 86, 39, 75, 103, 1501, 
409, 7348, 91, 950, 138, 76, 26, 1459, 3587, 1932, 284, 19, 54, 
2489, 1810, 1075, 1090, 255, 984, 131, 3881, 732, 5564, 3392, 
9986, 2060, 379, 1214, 1368, 723, 4066, 1940, 307, 182, 59, 29, 
2436, 149, 265, 93), BROWNE = c(658, 17, 171, 28, 643, 1212, 
10, 127, 194, 204, 185, 127, 759, 23, 32, 954, 297, 60, 17, 24, 
52, 12, 21, 11, 17, 11, 116, 51, 1104, 18, 123, 40, 14, 6, 203, 
538, 330, 92, 12, 18, 243, 361, 105, 162, 63, 313, 21, 892, 309, 
743, 412, 1222, 365, 114, 210, 165, 131, 431, 551, 53, 53, 4, 
13, 3211, 30, 68, 32), HAGELIN = c(42, 3, 18, 2, 39, 128, 1, 
15, 16, 14, 34, 7, 119, 0, 2, 160, 24, 4, 3, 4, 1, 3, 4, 2, 2, 
1, 26, 14, 215, 7, 13, 2, 1, 0, 36, 81, 28, 1, 3, 2, 35, 26, 
29, 26, 8, 15, 4, 65, 21, 143, 82, 444, 59, 7, 11, 12, 13, 94, 
38, 2, 4, 3, 0, 33, 3, 11, 20), HARRIS = c(4, 0, 5, 0, 11, 49, 
0, 6, 5, 1, 7, 1, 88, 0, 0, 36, 6, 1, 1, 7, 0, 0, 2, 6, 0, 3, 
8, 5, 35, 1, 4, 0, 2, 3, 4, 30, 9, 1, 0, 0, 5, 14, 13, 1, 0, 
4, 1, 13, 10, 45, 18, 40, 8, 2, 4, 4, 1, 11, 38, 2, 2, 0, 1, 
9888, 2, 3, 0), MCREYNOLDS = c(658, 0, 3, 0, 11, 35, 1, 3, 0, 
3, 4, 2, 36, 3, 0, 16, 3, 3, 0, 3, 0, 1, 2, 9, 0, 2, 4, 3, 29, 
3, 2, 1, 1, 1, 1, 5, 7, 1, 0, 1, 3, 6, 8, 0, 4, 2, 1, 7, 5, 302, 
14, 27, 5, 4, 2, 10, 1, 5, 5, 0, 0, 1, 0, 3, 1, 2, 0), MOOREHEAD = c(21, 
3, 37, 3, 76, 123, 3, 12, 28, 9, 29, 5, 124, 2, 2, 41, 20, 12, 
2, 12, 4, 1, 9, 4, 3, 2, 22, 7, 150, 2, 10, 7, 0, 0, 14, 96, 
31, 11, 2, 5, 26, 49, 12, 7, 3, 20, 4, 45, 33, 103, 77, 167, 
36, 12, 13, 29, 19, 59, 70, 17, 5, 1, 0, 59, 6, 18, 5), PHILLIPS = c(20, 
3, 18, 2, 72, 74, 2, 19, 18, 6, 10, 8, 69, 8, 3, 57, 110, 3, 
3, 6, 2, 0, 2, 7, 2, 7, 10, 5, 66, 6, 13, 4, 0, 1, 21, 34, 16, 
10, 1, 1, 19, 22, 19, 3, 3, 33, 3, 41, 10, 188, 17, 70, 46, 10, 
12, 13, 43, 15, 27, 3, 9, 8, 0, 2927, 0, 7, 9), Total = c(86242, 
8154, 58815, 8669, 218395, 573306, 5174, 66885, 57154, 57360, 
92122, 18508, 625269, 7807, 4666, 264428, 116680, 27100, 4634, 
14549, 5395, 3342, 6132, 3973, 6234, 8133, 65219, 34941, 353331, 
7343, 49616, 16300, 5642, 2504, 88545, 184377, 103113, 12730, 
2403, 6159, 110209, 102634, 61852, 33878, 23782, 70605, 9854, 
279981, 55658, 432286, 142713, 396938, 168195, 26205, 60674, 
77989, 50285, 160940, 137044, 22258, 12461, 6801, 3794, 198230, 
8583, 18307, 8026)), .Names = c("County", "V2", "GORE", "BUSH", 
"BUCHANAN", "NADER", "BROWNE", "HAGELIN", "HARRIS", "MCREYNOLDS", 
"MOOREHEAD", "PHILLIPS", "Total"), class = "data.frame", row.names = c("1", 
"2", "3", "4", "5", "6", "7", "8", "9", "10", "11", "12", "13", 
"14", "15", "16", "17", "18", "19", "20", "21", "22", "23", "24", 
"25", "26", "27", "28", "29", "30", "31", "32", "33", "34", "35", 
"36", "37", "38", "39", "40", "41", "42", "43", "44", "45", "46", 
"47", "48", "49", "50", "51", "52", "53", "54", "55", "56", "57", 
"58", "59", "60", "61", "62", "63", "64", "65", "66", "67"))
